52.5004082, 13.4226398
52.5220108, 13.4085703
52.5169296, 13.4433498
52.5376282, 13.4087
52.4644699, 13.3236799
52.5114288, 13.4569197
52.4913216, 13.4347897
52.4581108, 13.3292303
52.5063515, 13.3228703
52.4467697, 13.6265898
52.5305901, 13.4019499
52.5342293, 13.4174995
52.5057106, 13.3236103
52.5638695, 13.3284502
52.5016594, 13.3104401
52.5011, 13.2977499
52.5372696, 13.4174004
52.5236816, 13.4022799
52.4933891, 13.29949
52.5134201, 13.3913298
52.5175781, 13.4641304
52.5255013, 13.3875103
52.4930687, 13.41465
52.5520515, 13.4194698
52.5112801, 13.3355904
47.9912605, 11.3643999
52.4772186, 13.3203001
52.5157814, 13.3915195
52.5475311, 13.4113798
52.4610596, 13.3181496
52.6150513, 13.4851599
52.506691, 13.4682703
52.4884186, 13.3506498
52.5175781, 13.4641304
52.5311012, 13.4001102